Original Matrix:
0000000000001000000000000000000000000000000000000000000000000100
0000000000000100000000000000000000000000000000000000000000000010
0000000000000010000000000000000000000000000000000000000000000001
1000000000000000000000000000000000000000000000000000000000000000
0100000000000000000000000000000000000000000000000000000000000000
0010000000000000000000000000000000000000000000000000000000000000
0001000000000000000000000000000000000000000000000000000000000000
0000100000000000000000000000000000000000000000000000000000000000
0000010000000000000000000000000000000000000000000000000000000000
0000001000000000000000000000000000000000000000000000000000000000
0000000100000000000000000000000000000000000000000000000000000000
0000000010000000000000000000000000000000000000000000000000000000
0000000001000000000000000000000000000000000000000000000000000000
0000000000100000000000000000000000000000000000000000000000000000
0000000000010000000000000000000000000000000000000000000000000000
0000000000001000000000000000000000000000000000000000000000000000
0000000000000100000000000000000000000000000000000000000000000000
0000000000000010000000000000000000000000000000000000000000000000
0000000000000001000000000000000000000000000000000000000000000000
0000000000000000100000000000000000000000000000000000000000000000
0000000000000000010000000000000000000000000000000000000000000000
0000000000000000001000000000000000000000000000000000000000000000
0000000000000000000100000000000000000000000000000000000000000000
0000000000000000000010000000000000000000000000000000000000000000
0000000000000000000001000000000000000000000000000000000000000000
0000000000000000000000100000000000000000000000000000000000000000
0000000000000000000000010000000000000000000000000000000000000000
0000000000000000000000001000000000000000000000000000000000000000
0000000000000000000000000100000000000000000000000000000000000000
0000000000000000000000000010000000000000000000000000000000000000
0000000000000000000000000001000000000000000000000000000000000000
0000000000000000000000000000100000000000000000000000000000000000
0000000000000000000000000000010000000000000000000000000000000000
0000000000000000000000000000001000000000000000000000000000000000
0000000000000000000000000000000100000000000000000000000000000000
0000000000000000000000000000000010000000000000000000000000000000
0000000000000000000000000000000001000000000000000000000000000000
0000000000000000000000000000000000100000000000000000000000000000
0000000000000000000000000000000000010000000000000000000000000000
0000000000000000000000000000000000001000000000000000000000000000
0000000000000000000000000000000000000100000000000000000000000000
0000000000000000000000000000000000000010000000000000000000000000
0000000000000000000000000000000000000001000000000000000000000000
0000000000000000000000000000000000000000100000000000000000000000
0000000000000000000000000000000000000000010000000000000000000000
0000000000000000000000000000000000000000001000000000000000000000
0000000000000000000000000000000000000000000100000000000000000000
0000000000000000000000000000000000000000000010000000000000000000
0000000000000000000000000000000000000000000001000000000000000000
0000000000000000000000000000000000000000000000100000000000000000
0000000000000000000000000000000000000000000000010000000000000000
0000000000000000000000000000000000000000000000001000000000000000
0000000000000000000000000000000000000000000000000100000000000000
0000000000000000000000000000000000000000000000000010000000000000
0000000000000000000000000000000000000000000000000001000000000000
0000000000000000000000000000000000000000000000000000100000000000
0000000000000000000000000000000000000000000000000000010000000000
0000000000000000000000000000000000000000000000000000001000000000
0000000000000000000000000000000000000000000000000000000100000000
0000000000000000000000000000000000000000000000000000000010000000
0000000000000000000000000000000000000000000000000000000001000000
0000000000000000000000000000000000000000000000000000000000100000
0000000000000000000000000000000000000000000000000000000000010000
0000000000000000000000000000000000000000000000000000000000001000


Reduced Matrix:
0000000000000000000000000000000000000000000000000000000000000100
0000000000000000000000000000000000000000000000000000000000000010
0000000000000000000000000000000000000000000000000000000000000001
1000000000000000000000000000000000000000000000000000000000000000
0100000000000000000000000000000000000000000000000000000000000000
0010000000000000000000000000000000000000000000000000000000000000
0001000000000000000000000000000000000000000000000000000000000000
0000100000000000000000000000000000000000000000000000000000000000
0000010000000000000000000000000000000000000000000000000000000000
0000001000000000000000000000000000000000000000000000000000000000
0000000100000000000000000000000000000000000000000000000000000000
0000000010000000000000000000000000000000000000000000000000000000
0000000001000000000000000000000000000000000000000000000000000000
0000000000100000000000000000000000000000000000000000000000000000
0000000000010000000000000000000000000000000000000000000000000000
0000000000001000000000000000000000000000000000000000000000000000
0000000000000100000000000000000000000000000000000000000000000000
0000000000000010000000000000000000000000000000000000000000000000
0000000000000001000000000000000000000000000000000000000000000000
0000000000000000100000000000000000000000000000000000000000000000
0000000000000000010000000000000000000000000000000000000000000000
0000000000000000001000000000000000000000000000000000000000000000
0000000000000000000100000000000000000000000000000000000000000000
0000000000000000000010000000000000000000000000000000000000000000
0000000000000000000001000000000000000000000000000000000000000000
0000000000000000000000100000000000000000000000000000000000000000
0000000000000000000000010000000000000000000000000000000000000000
0000000000000000000000001000000000000000000000000000000000000000
0000000000000000000000000100000000000000000000000000000000000000
0000000000000000000000000010000000000000000000000000000000000000
0000000000000000000000000001000000000000000000000000000000000000
0000000000000000000000000000100000000000000000000000000000000000
0000000000000000000000000000010000000000000000000000000000000000
0000000000000000000000000000001000000000000000000000000000000000
0000000000000000000000000000000100000000000000000000000000000000
0000000000000000000000000000000010000000000000000000000000000000
0000000000000000000000000000000001000000000000000000000000000000
0000000000000000000000000000000000100000000000000000000000000000
0000000000000000000000000000000000010000000000000000000000000000
0000000000000000000000000000000000001000000000000000000000000000
0000000000000000000000000000000000000100000000000000000000000000
0000000000000000000000000000000000000010000000000000000000000000
0000000000000000000000000000000000000001000000000000000000000000
0000000000000000000000000000000000000000100000000000000000000000
0000000000000000000000000000000000000000010000000000000000000000
0000000000000000000000000000000000000000001000000000000000000000
0000000000000000000000000000000000000000000100000000000000000000
0000000000000000000000000000000000000000000010000000000000000000
0000000000000000000000000000000000000000000001000000000000000000
0000000000000000000000000000000000000000000000100000000000000000
0000000000000000000000000000000000000000000000010000000000000000
0000000000000000000000000000000000000000000000001000000000000000
0000000000000000000000000000000000000000000000000100000000000000
0000000000000000000000000000000000000000000000000010000000000000
0000000000000000000000000000000000000000000000000001000000000000
0000000000000000000000000000000000000000000000000000100000000000
0000000000000000000000000000000000000000000000000000010000000000
0000000000000000000000000000000000000000000000000000001000000000
0000000000000000000000000000000000000000000000000000000100000000
0000000000000000000000000000000000000000000000000000000010000000
0000000000000000000000000000000000000000000000000000000001000000
0000000000000000000000000000000000000000000000000000000000100000
0000000000000000000000000000000000000000000000000000000000010000
0000000000000000000000000000000000000000000000000000000000001000


Xor Count = 3
x[63] = x[63] ^ x[14]    y[2]
x[61] = x[61] ^ x[12]    y[0]
x[62] = x[62] ^ x[13]    y[1]
